{
 "cells": [
  {
   "cell_type": "markdown",
   "id": "6d9149e7-e2d1-44a3-b08c-d10598ba7eaf",
   "metadata": {},
   "source": [
    "# UNMC Air Quality Q & A:"
   ]
  },
  {
   "cell_type": "markdown",
   "id": "41e5cce7-efc3-439f-a298-4f52637ba6f2",
   "metadata": {},
   "source": [
    "### 1. What are the 5 locations in Nebraska with the highest mean and median concentrations of VOC, PM 2.5 and PM 10.0?"
   ]
  },
  {
   "cell_type": "code",
   "execution_count": 53,
   "id": "1ebb4a35-8a91-4ccd-99c9-207f89504b84",
   "metadata": {},
   "outputs": [
    {
     "name": "stdout",
     "output_type": "stream",
     "text": [
      "Top 5 Locations for PM2.5:\n",
      "                                                          mean     median\n",
      "sensor.name                                                              \n",
      "Broken Bow                                          928.710593  36.050240\n",
      "#16 - Richardson County Courthouse                  700.127342  11.977344\n",
      "#18 - Southeast District Health Department- Tec...  613.175352  10.322875\n",
      "NCDHD O'Neill #11                                   164.495078   7.251208\n",
      "Swnphd-mccook                                       123.011622   4.582281 \n",
      "\n",
      "Top 5 Locations for PM10:\n",
      "                                                          mean     median\n",
      "sensor.name                                                              \n",
      "Broken Bow                                          929.678512  43.179094\n",
      "#16 - Richardson County Courthouse                  701.632446  13.305615\n",
      "#18 - Southeast District Health Department- Tec...  614.227248  11.433729\n",
      "NCDHD O'Neill #11                                   166.132578   8.427437\n",
      "Swnphd-mccook                                       124.227336   5.372073 \n",
      "\n",
      "Top 5 Locations for VOC:\n",
      "                                             mean      median\n",
      "sensor.name                                                  \n",
      "Swnphd-ogallala                        399.434240  423.082292\n",
      "FCHD-YPS                               372.462720  375.383500\n",
      "Three Rivers Public Health Department  370.216208  376.810167\n",
      "ELVPHD Norfolk HD 4                    360.833744  368.580500\n",
      "Swnphd-mccook                          353.941581  381.468479\n"
     ]
    }
   ],
   "source": [
    "import pandas as pd\n",
    "air_data = pd.read_csv('AirQuality_Daily_StudentVersion.csv') \n",
    "air_data = pd.DataFrame(air_data)\n",
    "\n",
    "PM2_5 = air_data.groupby(['sensor.name']).agg(mean = ('pm2.5_atm', 'mean'),\n",
    "                                                     median = ('pm2.5_atm', 'median')).sort_values(['mean', 'median'], ascending=False).head(5)\n",
    "\n",
    "VOC = air_data.groupby(['sensor.name']).agg(mean = ('voc', 'mean'),\n",
    "                                                     median = ('voc', 'median')).sort_values(['mean', 'median'], ascending=False).head(5)\n",
    "\n",
    "PM10 = air_data.groupby(['sensor.name']).agg(mean = ('pm10.0_atm', 'mean'),\n",
    "                                                     median = ('pm10.0_atm', 'median')).sort_values(['mean', 'median'], ascending=False).head(5)\n",
    "print(\"Top 5 Locations for PM2.5:\")\n",
    "print(PM2_5, \"\\n\")\n",
    "\n",
    "print(\"Top 5 Locations for PM10:\")\n",
    "print(PM10, \"\\n\")\n",
    "\n",
    "print(\"Top 5 Locations for VOC:\")\n",
    "print(VOC)\n"
   ]
  },
  {
   "cell_type": "markdown",
   "id": "8d2de5a4-10ed-44a4-9c5e-aca857947746",
   "metadata": {},
   "source": [
    "### 2. On what days did the maximum values occur and where did this maximums occur?"
   ]
  },
  {
   "cell_type": "code",
   "execution_count": 54,
   "id": "74e74269-6518-495a-a67c-ef84e9fb14c2",
   "metadata": {},
   "outputs": [
    {
     "name": "stdout",
     "output_type": "stream",
     "text": [
      "  Pollutant    Max Value      Date              Sensor Name & Location\n",
      "0     PM2.5  3782.823313  02/18/25  #16 - Richardson County Courthouse\n",
      "1      PM10  3784.682542  02/18/25  #16 - Richardson County Courthouse\n",
      "2       VOC  1209.931571  06/24/24                     Swnphd-ogallala\n"
     ]
    }
   ],
   "source": [
    "PM2_5max = air_data.loc[air_data['pm2.5_atm'].idxmax()] \n",
    "PM10_max = air_data.loc[air_data['pm10.0_atm'].idxmax()]\n",
    "VOC_max  = air_data.loc[air_data['voc'].idxmax()]\n",
    "\n",
    "summary = pd.DataFrame({\n",
    "    'Pollutant': ['PM2.5', 'PM10', 'VOC'],\n",
    "    'Max Value': [PM2_5max['pm2.5_atm'], PM10_max['pm10.0_atm'], VOC_max['voc']],\n",
    "    'Date': [PM2_5max['date'], PM10_max['date'], VOC_max['date']],\n",
    "    'Sensor Name & Location': [PM2_5max['sensor.name'], PM10_max['sensor.name'], VOC_max['sensor.name']]\n",
    "})\n",
    "\n",
    "print(summary)\n",
    "\n",
    "\n"
   ]
  },
  {
   "cell_type": "markdown",
   "id": "95bec7f3-7610-463d-b2e2-68d5174d3628",
   "metadata": {},
   "source": [
    "### 3. Does humidity and temperature have a noticeable effect on air quality?"
   ]
  },
  {
   "cell_type": "code",
   "execution_count": 55,
   "id": "af2f3e76-66ee-45f6-9e71-f3f68cc28cf0",
   "metadata": {},
   "outputs": [
    {
     "name": "stdout",
     "output_type": "stream",
     "text": [
      "\n",
      " Average Correlation Between Pollutants, Humidity, and Temperature:\n",
      "             pm2.5_atm  pm10.0_atm       voc  humidity  temperature\n",
      "pm2.5_atm     1.000000    0.999990 -0.012408 -0.008327    -0.197996\n",
      "pm10.0_atm    0.999990    1.000000 -0.011899 -0.008054    -0.198141\n",
      "voc          -0.012408   -0.011899  1.000000 -0.067082     0.035466\n",
      "humidity     -0.008327   -0.008054 -0.067082  1.000000    -0.012772\n",
      "temperature  -0.197996   -0.198141  0.035466 -0.012772     1.000000\n",
      "\n",
      "Correlation for sensor: #16 - Richardson County Courthouse\n",
      "             pm2.5_atm  pm10.0_atm       voc  humidity  temperature\n",
      "pm2.5_atm     1.000000    0.999999  0.018535  0.016993     0.148728\n",
      "pm10.0_atm    0.999999    1.000000  0.020175  0.016432     0.148801\n",
      "voc           0.018535    0.020175  1.000000 -0.495272     0.058156\n",
      "humidity      0.016993    0.016432 -0.495272  1.000000    -0.109179\n",
      "temperature   0.148728    0.148801  0.058156 -0.109179     1.000000\n",
      "\n",
      "Correlation for sensor: #17 - Otoe County\n",
      "             pm2.5_atm  pm10.0_atm       voc  humidity  temperature\n",
      "pm2.5_atm     1.000000    0.994011  0.024555  0.378610     0.004088\n",
      "pm10.0_atm    0.994011    1.000000  0.058050  0.342214    -0.024000\n",
      "voc           0.024555    0.058050  1.000000 -0.184691    -0.492492\n",
      "humidity      0.378610    0.342214 -0.184691  1.000000     0.191302\n",
      "temperature   0.004088   -0.024000 -0.492492  0.191302     1.000000\n",
      "\n",
      "Correlation for sensor: #18 - Southeast District Health Department- Tecumseh\n",
      "             pm2.5_atm  pm10.0_atm       voc  humidity  temperature\n",
      "pm2.5_atm     1.000000    0.999999  0.755548 -0.149102    -0.840050\n",
      "pm10.0_atm    0.999999    1.000000  0.755540 -0.148947    -0.840037\n",
      "voc           0.755548    0.755540  1.000000 -0.062687    -0.469479\n",
      "humidity     -0.149102   -0.148947 -0.062687  1.000000     0.096412\n",
      "temperature  -0.840050   -0.840037 -0.469479  0.096412     1.000000\n",
      "\n",
      "Correlation for sensor: Ainsworth Public School #9\n",
      "             pm2.5_atm  pm10.0_atm       voc  humidity  temperature\n",
      "pm2.5_atm     1.000000    0.995675  0.209522  0.192696    -0.140541\n",
      "pm10.0_atm    0.995675    1.000000  0.216351  0.165664    -0.183898\n",
      "voc           0.209522    0.216351  1.000000 -0.020458    -0.059093\n",
      "humidity      0.192696    0.165664 -0.020458  1.000000    -0.084763\n",
      "temperature  -0.140541   -0.183898 -0.059093 -0.084763     1.000000\n",
      "\n",
      "Correlation for sensor: Broken Bow\n",
      "             pm2.5_atm  pm10.0_atm       voc  humidity  temperature\n",
      "pm2.5_atm     1.000000    0.999999  0.647803 -0.263987    -0.764981\n",
      "pm10.0_atm    0.999999    1.000000  0.647863 -0.264100    -0.764794\n",
      "voc           0.647803    0.647863  1.000000 -0.458462    -0.291295\n",
      "humidity     -0.263987   -0.264100 -0.458462  1.000000    -0.048234\n",
      "temperature  -0.764981   -0.764794 -0.291295 -0.048234     1.000000\n",
      "\n",
      "Correlation for sensor: Buffalo County TRPHD #26\n",
      "             pm2.5_atm  pm10.0_atm       voc  humidity  temperature\n",
      "pm2.5_atm     1.000000    0.989602  0.190618  0.251023     0.186203\n",
      "pm10.0_atm    0.989602    1.000000  0.198418  0.233005     0.180092\n",
      "voc           0.190618    0.198418  1.000000  0.054326     0.045616\n",
      "humidity      0.251023    0.233005  0.054326  1.000000    -0.037062\n",
      "temperature   0.186203    0.180092  0.045616 -0.037062     1.000000\n",
      "\n",
      "Correlation for sensor: ELVPHD Norfolk HD 4\n",
      "             pm2.5_atm  pm10.0_atm       voc  humidity  temperature\n",
      "pm2.5_atm     1.000000    0.977101  0.171796  0.131255     0.150799\n",
      "pm10.0_atm    0.977101    1.000000  0.191231  0.131855     0.112412\n",
      "voc           0.171796    0.191231  1.000000 -0.057606     0.605092\n",
      "humidity      0.131255    0.131855 -0.057606  1.000000    -0.309226\n",
      "temperature   0.150799    0.112412  0.605092 -0.309226     1.000000\n",
      "\n",
      "Correlation for sensor: ELVPHD Tekamah HD 3\n",
      "             pm2.5_atm  pm10.0_atm       voc  humidity  temperature\n",
      "pm2.5_atm     1.000000    0.997064  0.113027  0.323454     0.207908\n",
      "pm10.0_atm    0.997064    1.000000  0.111331  0.297621     0.186437\n",
      "voc           0.113027    0.111331  1.000000  0.025416     0.395785\n",
      "humidity      0.323454    0.297621  0.025416  1.000000     0.049525\n",
      "temperature   0.207908    0.186437  0.395785  0.049525     1.000000\n",
      "\n",
      "Correlation for sensor: ELVPHD Wisner HD 5\n",
      "             pm2.5_atm  pm10.0_atm       voc  humidity  temperature\n",
      "pm2.5_atm     1.000000    0.963204  0.105411 -0.108376     0.353042\n",
      "pm10.0_atm    0.963204    1.000000  0.105458 -0.116461     0.322884\n",
      "voc           0.105411    0.105458  1.000000 -0.543680    -0.047240\n",
      "humidity     -0.108376   -0.116461 -0.543680  1.000000     0.018868\n",
      "temperature   0.353042    0.322884 -0.047240  0.018868     1.000000\n",
      "\n",
      "Correlation for sensor: FCHD-YPS\n",
      "             pm2.5_atm  pm10.0_atm       voc  humidity  temperature\n",
      "pm2.5_atm     1.000000    0.995681  0.085655  0.136009     0.134395\n",
      "pm10.0_atm    0.995681    1.000000  0.091916  0.144939     0.114400\n",
      "voc           0.085655    0.091916  1.000000  0.415811     0.301309\n",
      "humidity      0.136009    0.144939  0.415811  1.000000     0.156040\n",
      "temperature   0.134395    0.114400  0.301309  0.156040     1.000000\n",
      "\n",
      "Correlation for sensor: Laurel High School\n",
      "             pm2.5_atm  pm10.0_atm       voc  humidity  temperature\n",
      "pm2.5_atm     1.000000    0.992027  0.170297  0.270886     0.235364\n",
      "pm10.0_atm    0.992027    1.000000  0.185391  0.202446     0.223798\n",
      "voc           0.170297    0.185391  1.000000 -0.061777     0.521733\n",
      "humidity      0.270886    0.202446 -0.061777  1.000000    -0.035390\n",
      "temperature   0.235364    0.223798  0.521733 -0.035390     1.000000\n",
      "\n",
      "Correlation for sensor: Loup Basin Public Health Department\n",
      "             pm2.5_atm  pm10.0_atm       voc  humidity  temperature\n",
      "pm2.5_atm     1.000000    0.993444  0.118248  0.090728     0.186375\n",
      "pm10.0_atm    0.993444    1.000000  0.113287  0.078790     0.171988\n",
      "voc           0.118248    0.113287  1.000000  0.135506     0.495456\n",
      "humidity      0.090728    0.078790  0.135506  1.000000     0.001357\n",
      "temperature   0.186375    0.171988  0.495456  0.001357     1.000000\n",
      "\n",
      "Correlation for sensor: Lower Niobrara NRD Butte 10\n",
      "             pm2.5_atm  pm10.0_atm       voc  humidity  temperature\n",
      "pm2.5_atm     1.000000    0.992584 -0.027650  0.154762     0.104263\n",
      "pm10.0_atm    0.992584    1.000000 -0.000638  0.126453     0.031655\n",
      "voc          -0.027650   -0.000638  1.000000 -0.191437    -0.370123\n",
      "humidity      0.154762    0.126453 -0.191437  1.000000    -0.113155\n",
      "temperature   0.104263    0.031655 -0.370123 -0.113155     1.000000\n",
      "\n",
      "Correlation for sensor: NCDHD O'Neill #11\n",
      "             pm2.5_atm  pm10.0_atm       voc  humidity  temperature\n",
      "pm2.5_atm     1.000000    0.999992  0.128913 -0.225735    -0.240850\n",
      "pm10.0_atm    0.999992    1.000000  0.130021 -0.225437    -0.240042\n",
      "voc           0.128913    0.130021  1.000000  0.101162     0.570682\n",
      "humidity     -0.225735   -0.225437  0.101162  1.000000    -0.086964\n",
      "temperature  -0.240850   -0.240042  0.570682 -0.086964     1.000000\n",
      "\n",
      "Correlation for sensor: PHS Fairbury JCHL 13\n",
      "             pm2.5_atm  pm10.0_atm       voc  humidity  temperature\n",
      "pm2.5_atm     1.000000    0.994028  0.184916  0.148373     0.002393\n",
      "pm10.0_atm    0.994028    1.000000  0.168453  0.132130    -0.041409\n",
      "voc           0.184916    0.168453  1.000000 -0.115581     0.041927\n",
      "humidity      0.148373    0.132130 -0.115581  1.000000     0.042923\n",
      "temperature   0.002393   -0.041409  0.041927  0.042923     1.000000\n",
      "\n",
      "Correlation for sensor: SWNPHD-Imerial\n",
      "             pm2.5_atm  pm10.0_atm       voc  humidity  temperature\n",
      "pm2.5_atm     1.000000    0.997065  0.161342  0.133704     0.223576\n",
      "pm10.0_atm    0.997065    1.000000  0.165499  0.109758     0.224417\n",
      "voc           0.161342    0.165499  1.000000 -0.069778     0.094809\n",
      "humidity      0.133704    0.109758 -0.069778  1.000000    -0.321446\n",
      "temperature   0.223576    0.224417  0.094809 -0.321446     1.000000\n",
      "\n",
      "Correlation for sensor: South Heartland District Health Dept. Hastings office\n",
      "             pm2.5_atm  pm10.0_atm       voc  humidity  temperature\n",
      "pm2.5_atm     1.000000    0.996813  0.101951  0.352604     0.117111\n",
      "pm10.0_atm    0.996813    1.000000  0.098732  0.324501     0.102674\n",
      "voc           0.101951    0.098732  1.000000  0.070156     0.103876\n",
      "humidity      0.352604    0.324501  0.070156  1.000000     0.066661\n",
      "temperature   0.117111    0.102674  0.103876  0.066661     1.000000\n",
      "\n",
      "Correlation for sensor: South Heartland District Health Dept. Superior City Building\n",
      "             pm2.5_atm  pm10.0_atm       voc  humidity  temperature\n",
      "pm2.5_atm     1.000000    0.996128  0.004656  0.366618     0.061777\n",
      "pm10.0_atm    0.996128    1.000000  0.014262  0.338902     0.040114\n",
      "voc           0.004656    0.014262  1.000000 -0.028498    -0.366304\n",
      "humidity      0.366618    0.338902 -0.028498  1.000000     0.026117\n",
      "temperature   0.061777    0.040114 -0.366304  0.026117     1.000000\n",
      "\n",
      "Correlation for sensor: Swnphd-Benklemen\n",
      "             pm2.5_atm  pm10.0_atm       voc  humidity  temperature\n",
      "pm2.5_atm     1.000000    0.994012  0.188364  0.161885     0.193219\n",
      "pm10.0_atm    0.994012    1.000000  0.205827  0.145215     0.204242\n",
      "voc           0.188364    0.205827  1.000000  0.084265     0.325774\n",
      "humidity      0.161885    0.145215  0.084265  1.000000    -0.153112\n",
      "temperature   0.193219    0.204242  0.325774 -0.153112     1.000000\n",
      "\n",
      "Correlation for sensor: Swnphd-mccook\n",
      "             pm2.5_atm  pm10.0_atm       voc  humidity  temperature\n",
      "pm2.5_atm     1.000000    0.999996 -0.112183 -0.054763    -0.426834\n",
      "pm10.0_atm    0.999996    1.000000 -0.112044 -0.054718    -0.426558\n",
      "voc          -0.112183   -0.112044  1.000000  0.161417     0.343046\n",
      "humidity     -0.054763   -0.054718  0.161417  1.000000     0.034045\n",
      "temperature  -0.426834   -0.426558  0.343046  0.034045     1.000000\n",
      "\n",
      "Correlation for sensor: Swnphd-ogallala\n",
      "             pm2.5_atm  pm10.0_atm       voc  humidity  temperature\n",
      "pm2.5_atm     1.000000    0.999810  0.007211 -0.034406     0.097724\n",
      "pm10.0_atm    0.999810    1.000000  0.008954 -0.035892     0.101445\n",
      "voc           0.007211    0.008954  1.000000  0.015203     0.280197\n",
      "humidity     -0.034406   -0.035892  0.015203  1.000000    -0.202451\n",
      "temperature   0.097724    0.101445  0.280197 -0.202451     1.000000\n",
      "\n",
      "Correlation for sensor: TRPHD Dawson Co. Courthouse 25\n",
      "             pm2.5_atm  pm10.0_atm       voc  humidity  temperature\n",
      "pm2.5_atm     1.000000    0.999913  0.021524  0.032462    -0.196663\n",
      "pm10.0_atm    0.999913    1.000000  0.024489  0.034502    -0.197152\n",
      "voc           0.021524    0.024489  1.000000  0.222181     0.186877\n",
      "humidity      0.032462    0.034502  0.222181  1.000000    -0.044793\n",
      "temperature  -0.196663   -0.197152  0.186877 -0.044793     1.000000\n",
      "\n",
      "Correlation for sensor: TRPHD Harlan Co. Courthouse 24\n",
      "             pm2.5_atm  pm10.0_atm       voc  humidity  temperature\n",
      "pm2.5_atm     1.000000    0.996577 -0.103681  0.309136     0.179577\n",
      "pm10.0_atm    0.996577    1.000000 -0.085324  0.281684     0.145746\n",
      "voc          -0.103681   -0.085324  1.000000 -0.100799    -0.433738\n",
      "humidity      0.309136    0.281684 -0.100799  1.000000     0.165559\n",
      "temperature   0.179577    0.145746 -0.433738  0.165559     1.000000\n",
      "\n",
      "Correlation for sensor: Three Rivers Public Health Department\n",
      "             pm2.5_atm  pm10.0_atm       voc  humidity  temperature\n",
      "pm2.5_atm     1.000000    0.993513  0.055248  0.305216     0.015169\n",
      "pm10.0_atm    0.993513    1.000000  0.042767  0.268901    -0.014038\n",
      "voc           0.055248    0.042767  1.000000  0.024456     0.504383\n",
      "humidity      0.305216    0.268901  0.024456  1.000000    -0.041922\n",
      "temperature   0.015169   -0.014038  0.504383 -0.041922     1.000000\n",
      "\n",
      "Correlation for sensor: WCDHD Arthur High School 28\n",
      "             pm2.5_atm  pm10.0_atm       voc  humidity  temperature\n",
      "pm2.5_atm     1.000000    0.996181 -0.072748  0.117388     0.232778\n",
      "pm10.0_atm    0.996181    1.000000 -0.055676  0.083244     0.211188\n",
      "voc          -0.072748   -0.055676  1.000000 -0.159116    -0.363502\n",
      "humidity      0.117388    0.083244 -0.159116  1.000000    -0.115520\n",
      "temperature   0.232778    0.211188 -0.363502 -0.115520     1.000000\n",
      "\n",
      "Correlation for sensor: WCDHD City Building\n",
      "             pm2.5_atm  pm10.0_atm       voc  humidity  temperature\n",
      "pm2.5_atm     1.000000    0.997051  0.061332  0.341759     0.105946\n",
      "pm10.0_atm    0.997051    1.000000  0.080163  0.301237     0.099961\n",
      "voc           0.061332    0.080163  1.000000 -0.151838    -0.437007\n",
      "humidity      0.341759    0.301237 -0.151838  1.000000     0.044013\n",
      "temperature   0.105946    0.099961 -0.437007  0.044013     1.000000\n",
      "\n",
      "Correlation for sensor: WCDHD Thedford Library 29\n",
      "             pm2.5_atm  pm10.0_atm       voc  humidity  temperature\n",
      "pm2.5_atm     1.000000    0.994464  0.204342  0.479186     0.209723\n",
      "pm10.0_atm    0.994464    1.000000  0.197567  0.453071     0.140037\n",
      "voc           0.204342    0.197567  1.000000  0.163611    -0.109327\n",
      "humidity      0.479186    0.453071  0.163611  1.000000     0.086254\n",
      "temperature   0.209723    0.140037 -0.109327  0.086254     1.000000\n"
     ]
    }
   ],
   "source": [
    "def categorize_humidity(humidity):\n",
    "    if humidity < 50:\n",
    "        return 'Low'\n",
    "    elif humidity <= 80:\n",
    "        return 'High'\n",
    "    else:\n",
    "        return 'Very High'\n",
    "\n",
    "def categorize_temperature(temperature):\n",
    "    if temperature < 32:\n",
    "        return 'Below Freezing'\n",
    "    elif temperature <= 50:\n",
    "        return 'Cool'\n",
    "    elif temperature <= 70:\n",
    "        return 'Warm'\n",
    "    else:\n",
    "        return 'Hot'\n",
    "\n",
    "air_data['Humidity Category'] = air_data['humidity'].apply(categorize_humidity)\n",
    "air_data['Temperature Category'] = air_data['temperature'].apply(categorize_temperature)\n",
    "\n",
    "correlation = air_data[['pm2.5_atm', 'pm10.0_atm', 'voc', 'humidity', 'temperature']].corr()\n",
    "\n",
    "print(\"\\n Average Correlation Between Pollutants, Humidity, and Temperature:\")\n",
    "print(correlation)\n",
    "\n",
    "for sensor, group in air_data.groupby('sensor.name'):\n",
    "    print(f\"\\nCorrelation for sensor: {sensor}\")\n",
    "    corr = group[['pm2.5_atm', 'pm10.0_atm', 'voc', 'humidity', 'temperature']].corr()\n",
    "    print(corr)\n",
    "\n",
    "\n",
    "\n"
   ]
  },
  {
   "cell_type": "markdown",
   "id": "c30da8ba-c9d0-4919-94f6-c66b62e8079c",
   "metadata": {},
   "source": [
    "### 4. Have there been any Air Quality Index (AQI) health risks (unhealthy for sensitive populations) at any of the locations in the dataset for PM 2.5 and PM 10 based on the EPA’s AQI ratings?"
   ]
  },
  {
   "cell_type": "code",
   "execution_count": 57,
   "id": "faea4de4-9af0-4ffc-89b9-f1a38dad7ac7",
   "metadata": {},
   "outputs": [
    {
     "name": "stdout",
     "output_type": "stream",
     "text": [
      "Rows where AQI reached 'Unhealthy for Sensitive Groups:\n",
      "          date                                        sensor.name    AQI_PM25  \\\n",
      "2144  06/14/24                Loup Basin Public Health Department  280.261875   \n",
      "6076  12/08/24                 #16 - Richardson County Courthouse  249.049561   \n",
      "2443  06/27/24                                   Swnphd-Benklemen  238.317521   \n",
      "1350  05/14/24                               PHS Fairbury JCHL 13  143.533867   \n",
      "7493  02/15/25                                 ELVPHD Wisner HD 5  141.590744   \n",
      "...        ...                                                ...         ...   \n",
      "6720  01/09/25                                  #17 - Otoe County  101.606447   \n",
      "7836  03/02/25                                      Swnphd-mccook  101.587261   \n",
      "3799  08/21/24  South Heartland District Health Dept. Hastings...  101.431469   \n",
      "3208  07/27/24                Loup Basin Public Health Department  101.072689   \n",
      "1357  05/14/24                                         Broken Bow  101.004258   \n",
      "\n",
      "        AQI_PM10  \n",
      "2144  138.990849  \n",
      "6076  123.667893  \n",
      "2443  117.817146  \n",
      "1350   55.703464  \n",
      "7493   61.127337  \n",
      "...          ...  \n",
      "6720   41.521933  \n",
      "7836   34.674479  \n",
      "3799   37.905054  \n",
      "3208   41.085995  \n",
      "1357   38.267824  \n",
      "\n",
      "[121 rows x 4 columns]\n"
     ]
    }
   ],
   "source": [
    "\n",
    "def calc_aqi_pm25(c):\n",
    "    bp = [\n",
    "        (0.0, 12.0, 0, 50),\n",
    "        (12.1, 35.4, 51, 100),\n",
    "        (35.5, 55.4, 101, 150),\n",
    "        (55.5, 150.4, 151, 200),\n",
    "        (150.5, 250.4, 201, 300),\n",
    "        (250.5, 350.4, 301, 400),\n",
    "        (350.5, 500.4, 401, 500)\n",
    "    ]\n",
    "    for low, high, aqi_low, aqi_high in bp:\n",
    "        if low <= c <= high:\n",
    "            return ((aqi_high - aqi_low) / (high - low)) * (c - low) + aqi_low\n",
    "    return None\n",
    "\n",
    "def calc_aqi_pm10(c):\n",
    "    bp = [\n",
    "        (0, 54, 0, 50),\n",
    "        (55, 154, 51, 100),\n",
    "        (155, 254, 101, 150),\n",
    "        (255, 354, 151, 200),\n",
    "        (355, 424, 201, 300),\n",
    "        (425, 504, 301, 400),\n",
    "        (505, 604, 401, 500)\n",
    "    ]\n",
    "    for low, high, aqi_low, aqi_high in bp:\n",
    "        if low <= c <= high:\n",
    "            return ((aqi_high - aqi_low) / (high - low)) * (c - low) + aqi_low\n",
    "    return None\n",
    "\n",
    "air_data['AQI_PM25'] = air_data['pm2.5_atm'].apply(calc_aqi_pm25)\n",
    "air_data['AQI_PM10'] = air_data['pm10.0_atm'].apply(calc_aqi_pm10)\n",
    "\n",
    "risk_rows = air_data[\n",
    "    ((air_data['AQI_PM25'] >= 101) & (air_data['AQI_PM25'] <= 150)) |\n",
    "    ((air_data['AQI_PM10'] >= 101) & (air_data['AQI_PM10'] <= 150))\n",
    "]\n",
    "if not risk_rows.empty:\n",
    "    risk_rows_sorted = (\n",
    "        risk_rows\n",
    "        .assign(Max_AQI=risk_rows[['AQI_PM25', 'AQI_PM10']].max(axis=1))\n",
    "        .sort_values(by='Max_AQI', ascending=False)\n",
    "    )\n",
    "\n",
    "    print(\"Rows where AQI reached 'Unhealthy for Sensitive Groups:\")\n",
    "    print(risk_rows_sorted[['date', 'sensor.name', 'AQI_PM25', 'AQI_PM10']])\n",
    "else:\n",
    "    print(\"No rows reached 'Unhealthy for Sensitive Groups' for PM2.5 or PM10.\")\n"
   ]
  },
  {
   "cell_type": "code",
   "execution_count": null,
   "id": "1187f58a-3c80-4a02-8325-8036def0bd89",
   "metadata": {},
   "outputs": [],
   "source": []
  }
 ],
 "metadata": {
  "kernelspec": {
   "display_name": "Python 3 (ipykernel)",
   "language": "python",
   "name": "python3"
  },
  "language_info": {
   "codemirror_mode": {
    "name": "ipython",
    "version": 3
   },
   "file_extension": ".py",
   "mimetype": "text/x-python",
   "name": "python",
   "nbconvert_exporter": "python",
   "pygments_lexer": "ipython3",
   "version": "3.14.2"
  }
 },
 "nbformat": 4,
 "nbformat_minor": 5
}
